Error, Delta Error
-61, 61
-57, -4
-32, -25
-17, -15
-7, -10
0, -7
4, -4
6, -2
7, -1
6, 1
7, -1
6, 1
6, 0
5, 1
5, 0
4, 1
4, 0
4, 0
3, 1
3, 0
4, -1
3, 1
3, 0
2, 1
2, 0
2, 0
2, 0
2, 0
2, 0
2, 0
2, 0
1, 1
1, 0
1, 0
1, 0
1, 0
1, 0
0, 1
-5, 5
-2, -3
-1, -1
0, -1
1, -1
1, 0
-5, 6
-2, -3
0, -2
0, 0
1, -1
1, 0
1, 0
1, 0
2, -1
1, 1
1, 0
1, 0
1, 0
1, 0
1, 0
1, 0
1, 0
-3, 4
-4, 1
-2, -2
0, -2
-6, 6
-2, -4
-1, -1
0, -1
1, -1
1, 0
2, -1
2, 0
2, 0
1, 1
1, 0
1, 0
-5, 6
-2, -3
-1, -1
-6, 5
-2, -4
-1, -1
1, -2
1, 0
2, -1
2, 0
1, 1
-4, 5
-2, -2
-6, 4
-2, -4
0, -2
1, -1
1, 0
2, -1
2, 0
-4, 6
-1, -3
-6, 5
-2, -4
0, -2
1, -1
2, -1
2, 0
-3, 5
-1, -2
-5, 4
-1, -4
0, -1
2, -2
-1, 3
-2, 1
-6, 4
-2, -4
1, -3
2, -1
0, 2
-2, 2
-5, 3
-1, -4
1, -2
2, -1
-2, 4
-1, -1
-5, 4
0, -5
2, -2
-3, 5
-6, 3
-2, -4
1, -3
2, -1
-2, 4
-5, 3
0, -5
2, -2
-2, 4
-6, 4
-1, -5
2, -3
-1, 3
-6, 5
-1, -5
2, -3
-2, 4
-5, 3
0, -5
2, -2
-1, 3
-4, 3
0, -4
-3, 3
-5, 2
0, -5
-1, 1
-5, 4
0, -5
0, 0
-6, 6
0, -6
-1, 1
-5, 4
1, -6
-2, 3
-4, 2
2, -6
-2, 4
-3, 1
-1, -2
-6, 5
0, -6
-2, 2
-3, 1
-1, -2
-5, 4
0, -5
-7, 7
0, -7
-1, 1
-2, 1
-3, 1
-3, 0
-2, -1
-4, 2
-2, -2
-4, 2
-2, -2
-3, 1
-2, -1
-3, 1
-3, 0
-2, -1
-8, 6
-2, -6
-4, 2
-1, -3
-3, 2
-2, -1
-2, 0
-6, 4
-4, -2
-3, -1
-6, 3
-2, -4
-2, 0
-7, 5
-3, -4
-3, 0
-4, 1
-8, 4
-1, -7
-4, 3
-4, 0
-7, 3
-3, -4
-3, 0
-4, 1
-5, 1
-6, 1
-8, 2
-2, -6
-5, 3
-5, 0
-5, 0
-6, 1
-6, 0
-5, -1
-6, 1
-7, 1
-6, -1
-8, 2
-6, -2
-11, 5
-8, -3
-6, -2
-7, 1
-6, -1
-6, 0
-10, 4
-8, -2
-7, -1
-12, 5
-8, -4
-13, 5
-9, -4
-8, -1
-10, 2
-9, -1
-11, 2
-14, 3
-9, -5
-12, 3
-14, 2
-16, 2
-10, -6
-11, 1
-14, 3
-14, 0
-15, 1
-15, 0
-16, 1
-20, 4
-18, -2
-17, -1
-20, 3
-18, -2
-22, 4
-19, -3
-22, 3
-22, 0
-24, 2
-25, 1
-28, 3
-28, 0
-30, 2
-33, 3
-33, 0
-30, -3
-36, 6
-33, -3
-39, 6
-41, 2
-42, 1
-47, 5
-46, -1
-51, 5
-51, 0
-56, 5
-57, 1
-61, 4
-68, 7
-75, 7
-81, 6
-87, 6
-91, 4
-98, 7
-109, 11
-114, 5
-127, 13
-127, 0
-117, -10
-114, -3
-107, -7
-105, -2
-109, 4
-113, 4
-116, 3
-130, 14
-151, 21
-174, 23
-202, 28
-199, -3
-200, 1
-199, -1
-214, 15
-243, 29
-269, 26
-291, 22
-291, 0
-268, -23
-245, -23
-263, 18
-284, 21
-303, 19
-318, 15
-330, 12
-289, -41
-252, -37
-262, 10
-277, 15
-294, 17
-310, 16
-321, 11
-279, -42
-250, -29
-257, 7
-269, 12
-287, 18
-297, 10
-310, 13
-271, -39
-235, -36
-246, 11
-256, 10
-267, 11
-283, 16
-291, 8
-260, -31
-232, -28
-212, -20
-221, 9
-244, 23
-270, 26
-293, 23
-297, 4
-262, -35
-232, -30
-209, -23
-222, 13
-256, 34
-273, 17
-295, 22
-301, 6
-278, -23
-248, -30
-226, -22
-241, 15
-263, 22
-283, 20
-302, 19
-312, 10
-276, -36
-251, -25
-224, -27
-242, 18
-261, 19
-279, 18
-299, 20
-310, 11
-276, -34
-243, -33
-218, -25
-238, 20
-262, 24
-279, 17
-292, 13
-290, -2
-257, -33
-228, -29
-233, 5
-255, 22
-269, 14
-286, 17
-280, -6
-238, -42
-185, -53
-214, 29
-244, 30
-259, 15
-275, 16
-263, -12
-216, -47
-144, -72
-110, -34
-92, -18
-101, 9
-149, 48
-214, 65
-256, 42
-256, 0
-170, -86
-121, -49
-91, -30
-80, -11
-71, -9
-65, -6
-64, -1
-60, -4
-55, -5
-62, 7
-58, -4
-60, 2
-55, -5
-57, 2
-57, 0
-54, -3
-53, -1
-51, -2
-53, 2
-50, -3
-48, -2
-47, -1
-44, -3
-44, 0
-40, -4
-42, 2
-43, 1
-39, -4
-36, -3
-37, 1
-35, -2
-36, 1
-33, -3
-35, 2
-33, -2
-34, 1
-30, -4
-28, -2
-31, 3
-28, -3
-28, 0
-28, 0
-26, -2
-27, 1
-28, 1
-25, -3
-27, 2
-24, -3
-23, -1
-24, 1
-22, -2
-21, -1
-19, -2
-21, 2
-21, 0
-20, -1
-20, 0
-19, -1
-18, -1
-16, -2
-16, 0
-15, -1
-15, 0
-13, -2
-12, -1
-12, 0
-10, -2
-10, 0
-16, 6
-15, -1
-13, -2
-10, -3
-7, -3
-12, 5
-13, 1
-9, -4
-6, -3
-12, 6
-12, 0
-7, -5
-3, -4
-13, 10
-8, -5
-3, -5
-11, 8
-7, -4
-9, 2
-9, 0
-3, -6
-8, 5
-6, -2
-1, -5
-11, 10
-3, -8
-8, 5
-5, -3
-7, 2
-5, -2
-6, 1
-5, -1
-6, 1
-5, -1
1, -6
-7, 8
0, -7
-8, 8
0, -8
-8, 8
0, -8
-8, 8
-5, -3
-4, -1
-4, 0
-3, -1
-4, 1
-1, -3
-4, 3
0, -4
-6, 6
1, -7
-6, 7
-3, -3
-2, -1
-3, 1
0, -3
-6, 6
2, -8
-5, 7
-3, -2
-1, -2
-4, 3
1, -5
-5, 6
-2, -3
-1, -1
-3, 2
2, -5
-5, 7
-2, -3
-1, -1
-3, 2
3, -6
-4, 7
-1, -3
0, -1
-4, 4
3, -7
-4, 7
-2, -2
1, -3
-3, 4
3, -6
-3, 6
-2, -1
1, -3
-5, 6
-2, -3
0, -2
0, 0
3, -3
-3, 6
-1, -2
0, -1
0, 0
2, -2
-3, 5
-1, -2
0, -1
0, 0
2, -2
-1, 3
4, -5
-3, 7
-1, -2
1, -2
1, 0
2, -1
-3, 5
4, -7
-3, 7
-1, -2
0, -1
1, -1
1, 0
1, 0
2, -1
1, 1
2, -1
0, 2
2, -2
1, 1
1, 0
2, -1
1, 1
1, 0
1, 0
0, 1
2, -2
6, -4
0, 6
3, -3
2, 1
1, 1
6, -5
1, 5
2, -1
1, 1
3, -2
3, 0
7, -4
1, 6
2, -1
6, -4
2, 4
3, -1
3, 0
6, -3
8, -2
2, 6
4, -2
4, 0
6, -2
5, 1
6, -1
6, 0
7, -1
7, 0
6, 1
8, -2
7, 1
7, 0
7, 0
13, -6
8, 5
8, 0
8, 0
12, -4
9, 3
8, 1
12, -4
10, 2
12, -2
11, 1
12, -1
16, -4
10, 6
14, -4
14, 0
16, -2
18, -2
18, 0
16, 2
17, -1
16, 1
18, -2
20, -2
25, -5
24, 1
28, -4
30, -2
32, -2
29, 3
31, -2
37, -6
37, 0
38, -1
41, -3
40, 1
44, -4
48, -4
51, -3
55, -4
59, -4
59, 0
67, -8
71, -4
71, 0
77, -6
77, 0
88, -11
93, -5
96, -3
93, 3
100, -7
101, -1
105, -4
108, -3
109, -1
105, 4
111, -6
103, 8
104, -1
109, -5
107, 2
110, -3
104, 6
98, 6
107, -9
106, 1
106, 0
102, 4
106, -4
105, 1
100, 5
101, -1
99, 2
100, -1
103, -3
95, 8
96, -1
98, -2
96, 2
97, -1
101, -4
94, 7
88, 6
93, -5
93, 0
96, -3
89, 7
94, -5
99, -5
103, -4
98, 5
107, -9
100, 7
110, -10
103, 7
110, -7
108, 2
111, -3
114, -3
113, 1
113, 0
116, -3
117, -1
120, -3
122, -2
118, 4
113, 5
116, -3
119, -3
142, -23
157, -15
174, -17
178, -4
164, 14
156, 8
150, 6
138, 12
160, -22
187, -27
211, -24
231, -20
216, 15
196, 20
181, 15
144, 37
196, -52
223, -27
243, -20
261, -18
235, 26
214, 21
157, 57
124, 33
191, -67
236, -45
257, -21
275, -18
238, 37
168, 70
121, 47
95, 26
81, 14
74, 7
73, 1
69, 4
65, 4
59, 6
62, -3
59, 3
59, 0
59, 0
58, 1
53, 5
53, 0
50, 3
50, 0
48, 2
48, 0
47, 1
43, 4
41, 2
41, 0
37, 4
41, -4
34, 7
36, -2
35, 1
32, 3
33, -1
31, 2
27, 4
28, -1
28, 0
28, 0
28, 0
26, 2
23, 3
24, -1
23, 1
23, 0
22, 1
21, 1
25, -4
22, 3
19, 3
16, 3
14, 2
14, 0
20, -6
17, 3
13, 4
10, 3
17, -7
14, 3
9, 5
14, -5
13, 1
8, 5
13, -5
11, 2
5, 6
12, -7
8, 4
9, -1
10, -1
3, 7
11, -8
5, 6
8, -3
6, 2
7, -1
6, 1
6, 0
6, 0
0, 6
8, -8
0, 8
8, -8
1, 7
8, -7
6, 2
5, 1
4, 1
3, 1
3, 0
1, 2
4, -3
1, 3
5, -4
-1, 6
6, -7
-3, 9
5, -8
3, 2
1, 2
3, -2
-1, 4
5, -6
-3, 8
4, -7
2, 2
0, 2
2, -2
-2, 4
4, -6
-4, 8
4, -8
1, 3
0, 1
2, -2
-2, 4
3, -5
2, 1
0, 2
-1, 1
-2, 1
1, -3
-3, 4
3, -6
1, 2
-1, 2
-1, 0
-2, 1
2, -4
-4, 6
3, -7
0, 3
-1, 1
-1, 0
-2, 1
0, -2
-4, 4
1, -5
-4, 5
2, -6
1, 1
-1, 2
-1, 0
-2, 1
-2, 0
-2, 0
-2, 0
-2, 0
-2, 0
-2, 0
-1, -1
-2, 1
-2, 0
-2, 0
-1, -1
-1, 0
-2, 1
-1, -1
-8, 7
0, -8
-5, 5
-1, -4
-3, 2
-1, -2
-1, 0
-7, 6
-1, -6
-3, 2
-2, -1
-2, 0
-6, 4
-3, -3
-2, -1
-6, 4
-1, -5
-2, 1
-6, 4
-2, -4
-3, 1
-5, 2
-8, 3
-2, -6
-3, 1
-4, 1
-7, 3
-2, -5
-4, 2
-4, 0
-5, 1
-7, 2
-7, 0
-8, 1
-2, -6
-4, 2
-5, 1
-4, -1
-6, 2
-7, 1
-6, -1
-7, 1
-7, 0
-6, -1
-8, 2
-12, 4
-9, -3
-6, -3
-7, 1
-6, -1
-13, 7
-8, -5
-6, -2
-8, 2
-11, 3
-9, -2
-8, -1
-11, 3
-10, -1
-13, 3
-15, 2
-11, -4
-13, 2
-15, 2
-11, -4
-14, 3
-15, 1
-15, 0
-15, 0
-16, 1
-16, 0
-16, 0
-17, 1
-17, 0
-21, 4
-19, -2
-17, -2
-22, 5
-24, 2
-20, -4
-24, 4
-23, -1
-25, 2
-27, 2
-27, 0
-29, 2
-31, 2
-32, 1
-31, -1
-35, 4
-32, -3
-35, 3
-39, 4
-41, 2
-39, -2
-41, 2
-41, 0
-44, 3
-46, 2
-48, 2
-49, 1
-52, 3
-57, 5
-56, -1
-58, 2
-58, 0
-64, 6
-68, 4
-71, 3
-72, 1
-71, -1
-77, 6
-79, 2
-82, 3
-87, 5
-85, -2
-84, -1
-86, 2
-94, 8
-93, -1
-91, -2
-95, 4
-95, 0
-98, 3
-95, -3
-99, 4
-98, -1
-94, -4
-99, 5
-95, -4
-89, -6
-83, -6
-81, -2
-85, 4
-86, 1
-85, -1
-86, 1
-89, 3
-87, -2
-84, -3
-84, 0
-81, -3
-86, 5
-81, -5
-80, -1
-78, -2
-82, 4
-74, -8
-80, 6
-81, 1
-74, -7
-84, 10
-77, -7
-76, -1
-79, 3
-78, -1
-76, -2
-72, -4
-79, 7
-81, 2
-80, -1
-78, -2
-85, 7
-86, 1
-83, -3
-92, 9
-89, -3
-95, 6
-96, 1
-99, 3
-104, 5
-100, -4
-114, 14
-113, -1
-119, 6
-129, 10
-129, 0
-126, -3
-122, -4
-118, -4
-114, -4
-121, 7
-136, 15
-159, 23
-173, 14
-172, -1
-168, -4
-161, -7
-160, -1
-180, 20
-208, 28
-233, 25
-261, 28
-242, -19
-228, -14
-216, -12
-241, 25
-260, 19
-281, 21
-296, 15
-293, -3
-267, -26
-240, -27
-261, 21
-281, 20
-300, 19
-311, 11
-325, 14
-287, -38
-256, -31
-266, 10
-284, 18
-300, 16
-314, 14
-328, 14
-282, -46
-245, -37
-262, 17
-278, 16
-295, 17
-312, 17
-315, 3
-269, -46
-184, -85
-192, 8
-234, 42
-271, 37
-286, 15
-302, 16
-211, -91
-134, -77
-100, -34
-73, -27
-64, -9
-53, -11
-50, -3
-49, -1
-47, -2
-44, -3
-41, -3
-39, -2
-38, -1
-38, 0
-38, 0
-36, -2
-37, 1
-36, -1
-33, -3
-30, -3
-27, -3
-29, 2
-30, 1
-28, -2
-25, -3
-31, 6
-25, -6
-22, -3
-26, 4
-20, -6
-26, 6
-18, -8
-22, 4
-17, -5
-21, 4
-15, -6
-19, 4
-13, -6
-19, 6
-10, -9
-17, 7
-8, -9
-15, 7
-15, 0
-10, -5
-15, 5
-5, -10
-11, 6
-13, 2
-6, -7
-11, 5
-10, -1
-5, -5
-10, 5
-10, 0
-3, -7
-9, 6
-10, 1
-7, -3
-4, -3
-8, 4
-5, -3
-2, -3
-7, 5
-8, 1
-5, -3
-2, -3
-6, 4
-8, 2
-3, -5
0, -3
-5, 5
-7, 2
-4, -3
1, -5
-4, 5
-6, 2
-6, 0
-3, -3
1, -4
-4, 5
-6, 2
-7, 1
-1, -6
2, -3
-3, 5
-5, 2
-6, 1
-3, -3
-3, 0
2, -5
-2, 4
-5, 3
-5, 0
-3, -2
-2, -1
2, -4
-1, 3
-4, 3
-5, 1
-6, 1
-1, -5
-1, 0
3, -4
-1, 4
-4, 3
-4, 0
-5, 1
-6, 1
1, -7
-2, 3
3, -5
0, 3
-3, 3
-4, 1
-4, 0
-5, 1
-2, -3
0, -2
-1, 1
3, -4
0, 3
-2, 2
-4, 2
-4, 0
-4, 0
-4, 0
-4, 0
1, -5
0, 1
-2, 2
3, -5
0, 3
-1, 1
-3, 2
-3, 0
-4, 1
-4, 0
-3, -1
-4, 1
-3, -1
3, -6
0, 3
-1, 1
4, -5
1, 3
-1, 2
-2, 1
-3, 1
-4, 1
-3, -1
-3, 0
-4, 1
-3, -1
-3, 0
-3, 0
-3, 0
3, -6
2, 1
0, 2
-1, 1
4, -5
1, 3
-1, 2
-2, 1
-3, 1
-3, 0
-3, 0
-3, 0
-2, -1
-3, 1
-2, -1
-2, 0
-2, 0
-3, 1
-2, -1
-2, 0
-2, 0
-2, 0
-2, 0
-2, 0
4, -6
2, 2
0, 2
-1, 1
-1, 0
-2, 1
-2, 0
-2, 0
4, -6
2, 2
0, 2
-1, 1
-2, 1
-2, 0
-2, 0
-2, 0
-3, 1
-2, -1
-2, 0
-2, 0
-2, 0
-2, 0
-2, 0
-2, 0
-2, 0
-1, -1
-2, 1
-1, -1
-2, 1
-1, -1
-1, 0
-2, 1
-1, -1
-1, 0
-1, 0
-2, 1
-1, -1
-1, 0
-1, 0
-1, 0
-1, 0
-1, 0
-1, 0
-2, 1
-1, -1
-1, 0
-1, 0
-1, 0
-1, 0
-1, 0
-1, 0
-1, 0
-1, 0
-1, 0
-1, 0
-2, 1
-1, -1
-1, 0
-1, 0
-1, 0
-1, 0
-1, 0
-1, 0
-1, 0
-1, 0
-1, 0
-1, 0
-1, 0
-1, 0
-1, 0
0, -1
-1, 1
-1, 0
-1, 0
-1, 0
-1, 0
-1, 0
-1, 0
-1, 0
-1, 0
-1, 0
-1, 0
-1, 0
-1, 0
-1, 0
-1, 0
-1, 0
-1, 0
3, -4
3, 0
2, 1
0, 2
-1, 1
-1, 0
-1, 0
-2, 1
-1, -1
-2, 1
-1, -1
-1, 0
-2, 1
-2, 1
-2, 1
-2, 1
-2, 1
-2, 1
-2, 1
-2, 1
-2, 1
-2, 1
-2, 1
-2, 1
-2, 1
-2, 1