Error, Delta Error
-61, 61
-58, -3
-34, -24
-19, -15
-9, -10
-2, -7
2, -4
4, -2
5, -1
5, 0
5, 0
5, 0
5, 0
5, 0
4, 1
4, 0
4, 0
4, 0
3, 1
3, 0
4, -1
3, 1
3, 0
2, 1
3, -1
2, 1
2, 0
2, 0
2, 0
2, 0
2, 0
2, 0
2, 0
2, 0
1, 1
1, 0
1, 0
1, 0
1, 0
1, 0
1, 0
1, 0
1, 0
1, 0
1, 0
1, 0
1, 0
1, 0
0, 1
1, -1
-4, 5
-4, 0
-2, -2
0, -2
0, 0
1, -1
1, 0
1, 0
-5, 6
-3, -2
-1, -2
0, -1
1, -1
1, 0
1, 0
1, 0
1, 0
1, 0
1, 0
1, 0
1, 0
1, 0
0, 1
1, -1
1, 0
0, 1
1, -1
1, 0
0, 1
1, -1
0, 1
-2, 2
-4, 2
-2, -2
-1, -1
0, -1
-6, 6
-3, -3
-1, -2
0, -1
1, -1
1, 0
1, 0
1, 0
1, 0
1, 0
1, 0
1, 0
1, 0
1, 0
1, 0
1, 0
-3, 4
-3, 0
-2, -1
-1, -1
-6, 5
-3, -3
-1, -2
1, -2
1, 0
1, 0
2, -1
1, 1
1, 0
2, -1
0, 2
-4, 4
-2, -2
-1, -1
-6, 5
-3, -3
0, -3
1, -1
1, 0
1, 0
2, -1
2, 0
1, 1
-3, 4
-2, -1
-1, -1
-6, 5
-2, -4
-1, -1
1, -2
1, 0
2, -1
2, 0
-1, 3
-3, 2
-1, -2
-5, 4
-2, -3
0, -2
1, -1
1, 0
2, -1
-1, 3
-3, 2
0, -3
-5, 5
-2, -3
0, -2
1, -1
2, -1
-1, 3
-2, 1
0, -2
-5, 5
-2, -3
0, -2
2, -2
2, 0
-2, 4
-1, -1
-5, 4
-2, -3
1, -3
2, -1
-1, 3
-2, 1
-6, 4
-2, -4
0, -2
2, -2
2, 0
-2, 4
0, -2
-5, 5
-1, -4
1, -2
0, 1
-2, 2
-5, 3
-1, -4
1, -2
2, -1
-2, 4
-1, -1
-5, 4
0, -5
2, -2
-2, 4
-1, -1
-5, 4
0, -5
2, -2
-2, 4
0, -2
-5, 5
-1, -4
0, -1
-2, 2
-5, 3
0, -5
1, -1
-2, 3
-5, 3
-1, -4
2, -3
-2, 4
-5, 3
-1, -4
2, -3
-2, 4
-5, 3
0, -5
1, -1
-1, 2
-4, 3
0, -4
-1, 1
-6, 5
-1, -5
1, -2
-1, 2
-4, 3
0, -4
-2, 2
-5, 3
0, -5
0, 0
-6, 6
0, -6
0, 0
-6, 6
0, -6
0, 0
-5, 5
0, -5
-1, 1
-5, 4
1, -6
-1, 2
-4, 3
0, -4
-2, 2
-3, 1
-1, -2
-6, 5
0, -6
-2, 2
-3, 1
-1, -2
-6, 5
0, -6
-2, 2
-3, 1
-2, -1
-4, 2
0, -4
-6, 6
0, -6
-1, 1
-2, 1
-3, 1
-3, 0
-3, 0
-3, 0
-3, 0
-3, 0
-2, -1
-4, 2
-2, -2
-4, 2
-3, -1
-3, 0
-2, -1
-3, 1
-7, 4
-1, -6
-5, 4
-2, -3
-3, 1
-2, -1
-3, 1
-7, 4
-2, -5
-3, 1
-2, -1
-4, 2
-6, 2
-3, -3
-4, 1
-5, 1
-3, -2
-5, 2
-5, 0
-2, -3
-5, 3
-4, -1
-7, 3
-3, -4
-4, 1
-5, 1
-6, 1
-8, 2
-3, -5
-4, 1
-5, 1
-5, 0
-7, 2
-8, 1
-2, -6
-5, 3
-5, 0
-6, 1
-6, 0
-6, 0
-7, 1
-6, -1
-6, 0
-7, 1
-7, 0
-7, 0
-7, 0
-8, 1
-7, -1
-12, 5
-9, -3
-7, -2
-7, 0
-7, 0
-13, 6
-8, -5
-7, -1
-8, 1
-12, 4
-9, -3
-13, 4
-9, -4
-8, -1
-12, 4
-9, -3
-13, 4
-10, -3
-13, 3
-11, -2
-12, 1
-15, 3
-11, -4
-13, 2
-15, 2
-16, 1
-16, 0
-17, 1
-12, -5
-14, 2
-16, 2
-21, 5
-16, -5
-23, 7
-20, -3
-21, 1
-19, -2
-23, 4
-22, -1
-25, 3
-24, -1
-26, 2
-24, -2
-26, 2
-27, 1
-26, -1
-29, 3
-30, 1
-30, 0
-32, 2
-37, 5
-36, -1
-36, 0
-42, 6
-44, 2
-41, -3
-41, 0
-46, 5
-52, 6
-49, -3
-60, 11
-56, -4
-62, 6
-67, 5
-69, 2
-70, 1
-77, 7
-83, 6
-87, 4
-88, 1
-94, 6
-103, 9
-104, 1
-96, -8
-93, -3
-92, -1
-91, -1
-95, 4
-94, -1
-99, 5
-99, 0
-106, 7
-109, 3
-115, 6
-121, 6
-125, 4
-133, 8
-136, 3
-136, 0
-141, 5
-143, 2
-129, -14
-109, -20
-96, -13
-93, -3
-91, -2
-95, 4
-91, -4
-91, 0
-95, 4
-101, 6
-95, -6
-92, -3
-98, 6
-98, 0
-97, -1
-96, -1
-98, 2
-97, -1
-95, -2
-101, 6
-98, -3
-98, 0
-104, 6
-103, -1
-104, 1
-108, 4
-113, 5
-110, -3
-107, -3
-104, -3
-107, 3
-103, -4
-97, -6
-101, 4
-106, 5
-101, -5
-101, 0
-101, 0
-97, -4
-95, -2
-101, 6
-93, -8
-97, 4
-93, -4
-99, 6
-94, -5
-90, -4
-91, 1
-91, 0
-91, 0
-84, -7
-85, 1
-83, -2
-85, 2
-82, -3
-82, 0
-79, -3
-79, 0
-75, -4
-77, 2
-72, -5
-73, 1
-71, -2
-69, -2
-70, 1
-68, -2
-62, -6
-63, 1
-61, -2
-58, -3
-63, 5
-60, -3
-56, -4
-56, 0
-54, -2
-51, -3
-54, 3
-50, -4
-48, -2
-50, 2
-46, -4
-46, 0
-44, -2
-44, 0
-44, 0
-42, -2
-41, -1
-39, -2
-38, -1
-38, 0
-38, 0
-37, -1
-35, -2
-34, -1
-37, 3
-34, -3
-29, -5
-35, 6
-30, -5
-31, 1
-28, -3
-29, 1
-27, -2
-29, 2
-28, -1
-26, -2
-28, 2
-24, -4
-24, 0
-25, 1
-26, 1
-22, -4
-21, -1
-21, 0
-22, 1
-22, 0
-22, 0
-22, 0
-22, 0
-20, -2
-20, 0
-20, 0
-20, 0
-19, -1
-19, 0
-18, -1
-17, -1
-17, 0
-16, -1
-16, 0
-17, 1
-16, -1
-17, 1
-15, -2
-13, -2
-13, 0
-18, 5
-14, -4
-11, -3
-11, 0
-16, 5
-12, -4
-9, -3
-13, 4
-12, -1
-9, -3
-13, 4
-11, -2
-7, -4
-12, 5
-10, -2
-6, -4
-13, 7
-7, -6
-11, 4
-9, -2
-8, -1
-9, 1
-4, -5
-11, 7
-5, -6
-11, 6
-6, -5
-8, 2
-6, -2
-8, 2
-6, -2
-7, 1
-6, -1
-6, 0
-6, 0
-6, 0
-5, -1
-6, 1
-4, -2
-7, 3
-3, -4
-7, 4
-2, -5
-9, 7
0, -9
-8, 8
-6, -2
-4, -2
-5, 1
-2, -3
-8, 6
1, -9
-6, 7
-5, -1
-3, -2
-7, 4
1, -8
-6, 7
-4, -2
-2, -2
-7, 5
-4, -3
-3, -1
-4, 1
1, -5
-5, 6
-4, -1
-1, -3
-6, 5
-3, -3
-1, -2
-6, 5
-3, -3
-1, -2
-5, 4
-3, -2
-1, -2
-4, 3
-2, -2
-1, -1
-3, 2
-3, 0
0, -3
-3, 3
-3, 0
0, -3
-4, 4
-2, -2
0, -2
-4, 4
-1, -3
1, -2
-4, 5
-2, -2
1, -3
-4, 5
-3, -1
3, -6
-3, 6
-5, 2
-3, -2
0, -3
-4, 4
-1, -3
2, -3
-3, 5
-2, -1
3, -5
-3, 6
-5, 2
-2, -3
1, -3
-4, 5
0, -4
2, -2
-3, 5
-3, 0
-2, -1
1, -3
-3, 4
0, -3
2, -2
-3, 5
-1, -2
3, -4
-2, 5
-3, 1
-2, -1
1, -3
-3, 4
0, -3
3, -3
-3, 6
-2, -1
-1, -1
1, -2
-2, 3
-1, -1
2, -3
-3, 5
1, -4
3, -2
-2, 5
-2, 0
4, -6
-2, 6
-3, 1
-2, -1
1, -3
-1, 2
0, -1
2, -2
-3, 5
1, -4
2, -1
-2, 4
1, -3
2, -1
-3, 5
0, -3
3, -3
-3, 6
1, -4
2, -1
-3, 5
1, -4
2, -1
-3, 5
1, -4
2, -1
-1, 3
0, -1
2, -2
0, 2
5, -5
-2, 7
1, -3
2, -1
-1, 3
5, -6
-1, 6
0, -1
2, -2
-2, 4
5, -7
-2, 7
1, -3
2, -1
0, 2
4, -4
0, 4
4, -4
0, 4
-1, 1
1, -2
2, -1
2, 0
2, 0
2, 0
2, 0
2, 0
2, 0
2, 0
2, 0
3, -1
7, -4
1, 6
5, -4
1, 4
2, -1
2, 0
3, -1
6, -3
1, 5
3, -2
7, -4
1, 6
3, -2
7, -4
2, 5
3, -1
6, -3
3, 3
5, -2
4, 1
7, -3
8, -1
3, 5
3, 0
5, -2
6, -1
7, -1
8, -1
8, 0
2, 6
5, -3
6, -1
7, -1
6, 1
12, -6
5, 7
6, -1
12, -6
9, 3
8, 1
8, 0
7, 1
8, -1
11, -3
9, 2
9, 0
14, -5
10, 4
9, 1
12, -3
11, 1
14, -3
10, 4
14, -4
16, -2
12, 4
16, -4
18, -2
14, 4
18, -4
18, 0
21, -3
21, 0
23, -2
21, 2
23, -2
27, -4
25, 2
23, 2
28, -5
27, 1
29, -2
29, 0
31, -2
33, -2
36, -3
37, -1
36, 1
38, -2
38, 0
44, -6
41, 3
48, -7
52, -4
53, -1
52, 1
54, -2
58, -4
60, -2
64, -4
65, -1
67, -2
73, -6
71, 2
76, -5
77, -1
74, 3
78, -4
81, -3
83, -2
83, 0
85, -2
85, 0
84, 1
86, -2
88, -2
87, 1
89, -2
91, -2
92, -1
89, 3
85, 4
90, -5
89, 1
86, 3
89, -3
89, 0
84, 5
87, -3
86, 1
87, -1
85, 2
84, 1
86, -2
83, 3
83, 0
85, -2
85, 0
78, 7
77, 1
80, -3
81, -1
80, 1
83, -3
83, 0
75, 8
75, 0
78, -3
79, -1
72, 7
78, -6
79, -1
74, 5
80, -6
76, 4
82, -6
73, 9
74, -1
80, -6
75, 5
74, 1
83, -9
76, 7
82, -6
80, 2
81, -1
83, -2
86, -3
81, 5
85, -4
87, -2
90, -3
86, 4
85, 1
93, -8
95, -2
94, 1
91, 3
95, -4
95, 0
95, 0
94, 1
92, 2
93, -1
103, -10
96, 7
97, -1
97, 0
99, -2
98, 1
95, 3
98, -3
88, 10
99, -11
93, 6
89, 4
90, -1
93, -3
92, 1
88, 4
83, 5
84, -1
80, 4
83, -3
80, 3
77, 3
72, 5
74, -2
76, -2
71, 5
66, 5
71, -5
64, 7
66, -2
63, 3
61, 2
58, 3
57, 1
55, 2
56, -1
54, 2
55, -1
52, 3
47, 5
47, 0
50, -3
45, 5
45, 0
43, 2
41, 2
40, 1
41, -1
36, 5
39, -3
36, 3
34, 2
36, -2
35, 1
33, 2
28, 5
28, 0
30, -2
30, 0
30, 0
29, 1
27, 2
26, 1
26, 0
25, 1
23, 2
22, 1
22, 0
21, 1
20, 1
21, -1
23, -2
20, 3
19, 1
18, 1
19, -1
21, -2
19, 2
17, 2
17, 0
19, -2
16, 3
14, 2
19, -5
14, 5
13, 1
17, -4
12, 5
17, -5
12, 5
9, 3
15, -6
9, 6
15, -6
9, 6
13, -4
9, 4
11, -2
8, 3
10, -2
8, 2
10, -2
7, 3
9, -2
6, 3
9, -3
5, 4
9, -4
4, 5
10, -6
2, 8
9, -7
1, 8
8, -7
8, 0
4, 4
8, -4
1, 7
8, -7
6, 2
4, 2
6, -2
0, 6
7, -7
4, 3
2, 2
7, -5
-2, 9
5, -7
5, 0
0, 5
6, -6
3, 3
1, 2
6, -5
3, 3
1, 2
6, -5
2, 4
0, 2
3, -3
3, 0
0, 3
3, -3
2, 1
0, 2
1, -1
-4, 5
3, -7
4, -1
1, 3
1, 0
3, -2
2, 1
-1, 3
3, -4
1, 2
-1, 2
3, -4
0, 3
-2, 2
3, -5
0, 3
-2, 2
3, -5
-1, 4
-2, 1
2, -4
1, 1
-3, 4
2, -5
2, 0
-4, 6
2, -6
2, 0
-5, 7
1, -6
3, -2
1, 2
-2, 3
3, -5
0, 3
-3, 3
2, -5
-1, 3
-3, 2
2, -5
-1, 3
-3, 2
2, -5
0, 2
-4, 4
2, -6
0, 2
-4, 4
1, -5
0, 1
-4, 4
1, -5
1, 0
-4, 5
1, -5
0, 1
-4, 4
1, -5
0, 1
-4, 4
2, -6
-1, 3
-4, 3
2, -6
-1, 3
-3, 2
0, -3
0, 0
-3, 3
-2, -1
-5, 3
1, -6
-2, 3
-3, 1
1, -4
0, 1
-3, 3
-2, -1
-5, 3
0, -5
0, 0
-3, 3
-2, -1
-5, 3
0, -5
-6, 6
1, -7
-1, 2
-3, 2
-2, -1
-4, 2
-1, -3
-5, 4
0, -5
0, 0
-2, 2
-2, 0
-3, 1
-3, 0
-4, 1
-3, -1
-3, 0
-3, 0
-3, 0
-2, -1
-4, 2
-3, -1
-3, 0
-2, -1
-3, 1
-2, -1
-4, 2
-8, 4
-2, -6
-5, 3
-1, -4
-3, 2
-2, -1
-3, 1
-7, 4
-3, -4
-3, 0
-2, -1
-5, 3
-6, 1
-3, -3
-5, 2
-6, 1
-3, -3
-4, 1
-5, 1
-3, -2
-4, 1
-5, 1
-8, 3
-4, -4
-5, 1
-5, 0
-7, 2
-8, 1
-2, -6
-5, 3
-6, 1
-6, 0
-8, 2
-9, 1
-2, -7
-5, 3
-5, 0
-7, 2
-6, -1
-7, 1
-7, 0
-8, 1
-7, -1
-8, 1
-8, 0
-8, 0
-8, 0
-8, 0
-8, 0
-12, 4
-9, -3
-9, 0
-8, -1
-13, 5
-9, -4
-9, 0
-9, 0
-12, 3
-11, -1
-15, 4
-10, -5
-8, -2
-13, 5
-14, 1
-12, -2
-15, 3
-12, -3
-14, 2
-11, -3
-14, 3
-15, 1
-17, 2
-11, -6
-15, 4
-16, 1
-16, 0
-17, 1
-18, 1
-20, 2
-19, -1
-20, 1
-24, 4
-22, -2
-20, -2
-24, 4
-21, -3
-21, 0
-25, 4
-23, -2
-26, 3
-27, 1
-24, -3
-26, 2
-30, 4
-28, -2
-30, 2
-31, 1
-30, -1
-31, 1
-33, 2
-33, 0
-34, 1
-36, 2
-41, 5
-37, -4
-39, 2
-41, 2
-42, 1
-41, -1
-46, 5
-44, -2
-44, 0
-49, 5
-49, 0
-54, 5
-54, 0
-54, 0
-55, 1
-55, 0
-58, 3
-60, 2
-61, 1
-65, 4
-64, -1
-65, 1
-63, -2
-69, 6
-68, -1
-70, 2
-67, -3
-69, 2
-70, 1
-71, 1
-73, 2
-77, 4
-70, -7
-73, 3
-73, 0
-75, 2
-74, -1
-72, -2
-69, -3
-70, 1
-70, 0
-73, 3
-74, 1
-70, -4
-68, -2
-70, 2
-69, -1
-64, -5
-67, 3
-63, -4
-66, 3
-65, -1
-63, -2
-69, 6
-63, -6
-62, -1
-62, 0
-60, -2
-62, 2
-60, -2
-61, 1
-62, 1
-62, 0
-60, -2
-62, 2
-58, -4
-59, 1
-57, -2
-59, 2
-59, 0
-59, 0
-59, 0
-59, 0
-58, -1
-61, 3
-56, -5
-57, 1
-63, 6
-59, -4
-61, 2
-60, -1
-59, -1
-63, 4
-69, 6
-66, -3
-62, -4
-66, 4
-64, -2
-69, 5
-70, 1
-70, 0
-71, 1
-79, 8
-74, -5
-77, 3
-81, 4
-83, 2
-82, -1
-91, 9
-97, 6
-97, 0
-95, -2
-95, 0
-99, 4
-108, 9
-103, -5
-97, -6
-97, 0
-97, 0
-95, -2
-98, 3
-102, 4
-106, 4
-106, 0
-109, 3
-115, 6
-116, 1
-118, 2
-126, 8
-127, 1
-129, 2
-130, 1
-131, 1
-128, -3
-130, 2
-122, -8
-106, -16
-95, -11
-99, 4
-93, -6
-94, 1
-91, -3
-83, -8
-87, 4
-84, -3
-79, -5
-75, -4
-75, 0
-72, -3
-70, -2
-69, -1
-70, 1
-60, -10
-60, 0
-63, 3
-61, -2
-57, -4
-56, -1
-55, -1
-50, -5
-49, -1
-49, 0
-45, -4
-46, 1
-40, -6
-41, 1
-41, 0
-43, 2
-37, -6
-36, -1
-36, 0
-36, 0
-31, -5
-34, 3
-31, -3
-30, -1
-31, 1
-29, -2
-28, -1
-26, -2
-26, 0
-26, 0
-22, -4
-26, 4
-20, -6
-24, 4
-21, -3
-22, 1
-24, 2
-20, -4
-24, 4
-17, -7
-21, 4
-15, -6
-19, 4
-22, 3
-13, -9
-18, 5
-18, 0
-12, -6
-17, 5
-15, -2
-11, -4
-15, 4
-14, -1
-9, -5
-14, 5
-15, 1
-7, -8
-12, 5
-14, 2
-10, -4
-7, -3
-11, 4
-11, 0
-3, -8
-9, 6
-12, 3
-8, -4
-4, -4
-8, 4
-11, 3
-8, -3
-2, -6
-6, 4
-9, 3
-9, 0
-6, -3
-3, -3
-6, 3
-9, 3
-4, -5
0, -4
-5, 5
-8, 3
-9, 1
-4, -5
0, -4
-4, 4
-7, 3
-8, 1
-5, -3
-4, -1
0, -4
-3, 3
-6, 3
-7, 1
-4, -3
-3, -1
1, -4
-3, 4
-5, 2
-6, 1
-3, -3
-3, 0
1, -4
-2, 3
-4, 2
-6, 2
-6, 0
-3, -3
-2, -1
2, -4
-2, 4
-4, 2
-5, 1
-5, 0
-3, -2
-1, -2
-3, 2
2, -5
-2, 4
-3, 1
-5, 2
-5, 0
-3, -2
0, -3
-3, 3
3, -6
-1, 4
-3, 2
-4, 1
-5, 1
-5, 0
-3, -2
1, -4
-2, 3
3, -5
-1, 4
-2, 1
-4, 2
-4, 0
-4, 0
-5, 1
-4, -1
1, -5
-1, 2
-2, 1
3, -5
0, 3
-2, 2
-3, 1
-4, 1
-4, 0
-4, 0
-4, 0
-1, -3
1, -2
-1, 2
-2, 1
3, -5
0, 3
-2, 2
-3, 1
-3, 0
-4, 1
-4, 0
-3, -1
-4, 1
-3, -1
-1, -2
2, -3
0, 2
-2, 2
4, -6
0, 4
-1, 1
-2, 1
-3, 1
-4, 1
-3, -1
-3, 0
-4, 1
-3, -1
-3, 0
-3, 0
-3, 0
-1, -2
3, -4
0, 3
-1, 1
-2, 1
4, -6
0, 4
-1, 1
-2, 1
-2, 0
-3, 1
-3, 0
-3, 0
-3, 0
-3, 0
-2, -1
-3, 1
-2, -1
-3, 1
-2, -1
-3, 1
-2, -1
2, -4
2, 0
0, 2
-1, 1
-2, 1
-2, 0
4, -6
1, 3
-1, 2
-1, 0
-2, 1
-3, 1
-2, -1
-3, 1
-2, -1
-3, 1
-2, -1
-2, 0
-2, 0
-3, 1
-2, -1
-2, 0
-2, 0
-2, 0
-2, 0
-2, 0
-2, 0
-2, 0
-2, 0
-2, 0
-2, 0
-1, -1
4, -5
2, 2
0, 2
-1, 1
-1, 0
-2, 1
-2, 0
-2, 0
-2, 0
-2, 0
4, -6
2, 2
0, 2
-1, 1
-2, 1
-2, 0
-2, 0
-2, 0
-2, 0
-3, 1
-2, -1
-2, 0
-2, 0
-2, 0
-2, 0
-2, 0
-2, 0
-2, 0
-2, 0
-2, 0
-1, -1
-2, 1
-1, -1
-2, 1
-1, -1
-2, 1
-1, -1
-2, 1
-1, -1
-2, 1
-1, -1
-1, 0
-2, 1
-1, -1
-2, 1
-1, -1
-1, 0
-2, 1
-1, -1
-2, 1
-1, -1
-1, 0
-2, 1
-1, -1
-1, 0
-1, 0
-2, 1
-1, -1
-1, 0
-2, 1
-1, -1
-1, 0
-1, 0
-1, 0
-1, 0
-2, 1
-1, -1
-1, 0
-1, 0
-1, 0
-2, 1
-1, -1
-1, 0
-1, 0
-2, 1
-1, -1
-1, 0
-1, 0
-2, 1
-1, -1
-1, 0
-1, 0
-1, 0
-1, 0
-2, 1
-1, -1
-1, 0
-1, 0
-1, 0
-2, 1
-1, -1
-1, 0
-1, 0
-1, 0
-1, 0
-1, 0
-1, 0
-2, 1
-1, -1
-1, 0
-1, 0
-1, 0
-2, 1
-1, -1
-1, 0
-2, 1
-1, -1
-1, 0
-1, 0
-1, 0
-1, 0
-1, 0
-2, 1
-1, -1
-1, 0
-1, 0
-1, 0
0, -1
4, -4
1, 3
0, 1
0, 0
-1, 1
-1, 0
-2, 1
-1, -1
-2, 1
-2, 0
-2, 0
-1, -1
-2, 1
-1, -1
-2, 1
-1, -1
-2, 1
-2, 1
-2, 1
-2, 1
-2, 1
-2, 1
-2, 1
-2, 1
-2, 1
-2, 1
-2, 1
-2, 1
-2, 1
-2, 1
-2, 1
-2, 1
-2, 1
-2, 1
-2, 1
-2, 1
-2, 1
-2, 1
-2, 1
-2, 1
-2, 1
-2, 1
-2, 1
-2, 1
-2, 1
-2, 1
-2, 1
-2, 1
-2, 1
-2, 1
0, -2
0, 0
0, 0
0, 0
0, 0
0, 0
0, 0
0, 0
0, 0
0, 0
0, 0
0, 0
0, 0
0, 0
0, 0
0, 0
0, 0
0, 0
0, 0